# 25/25 iterations complete ✅ (17189.45s)
# Results saved to runs/detect/tune5
# Best fitness=0.28203 observed at iteration 19
# Best fitness metrics are {'metrics/precision(B)': 0.71714, 'metrics/recall(B)': 0.65333, 'metrics/mAP50(B)': 0.66178, 'metrics/mAP50-95(B)': 0.23983, 'val/box_loss': 2.25206, 'val/cls_loss': 1.43869, 'val/dfl_loss': 1.02505, 'fitness': 0.28203}
# Best fitness model is runs/detect/train53
# Best fitness hyperparameters are printed below.

lr0: 0.00758
lrf: 0.00955
momentum: 0.78372
weight_decay: 0.00059
warmup_epochs: 3.4495
warmup_momentum: 0.95
box: 7.9401
cls: 0.63256
dfl: 1.60972
hsv_h: 0.08584
hsv_s: 0.67105
hsv_v: 0.40281
degrees: 9.62981
translate: 0.09428
scale: 0.32995
shear: 0.17692
perspective: 0.00045
flipud: 0.0
fliplr: 0.48023
bgr: 0.0
mosaic: 0.70733
mixup: 0.0
copy_paste: 0.0
